       N       E                     dE             d eps       ncg     rms          rms(c)
DIA:   1    -0.734406276876E+02   -0.73441E+02    0.00000E+00     0   0.000E+00    0.131E+01
DIA:   2    -0.689990116280E+02    0.44416E+01    0.00000E+00     0   0.000E+00    0.749E+00
DIA:   3    -0.673539403584E+02    0.16451E+01    0.00000E+00     0   0.000E+00    0.220E+00
DIA:   4    -0.672475733654E+02    0.10637E+00    0.00000E+00     0   0.000E+00    0.620E-01
