       N       E                     dE             d eps       ncg     rms          rms(c)
DAV:   1     0.208600587493E+03    0.20860E+03   -0.97768E+03  2184   0.793E+02
DAV:   2    -0.394039647234E+02   -0.24800E+03   -0.23363E+03  3360   0.184E+02
