       N       E                     dE             d eps       ncg     rms          rms(c)
DAV:   1     0.753314282097E+04    0.75331E+04   -0.41361E+05  9924   0.112E+03
DAV:   2    -0.138110419122E+04   -0.89142E+04   -0.85210E+04 13500   0.281E+02
DAV:   3    -0.259550718789E+04   -0.12144E+04   -0.11962E+04 11088   0.107E+02
